epoch 0
0 0.4346385598182678
17 0.21808338165283203
34 0.18617673218250275
51 0.1306736320257187
68 0.15584392845630646
85 0.15674549341201782
102 0.1284768432378769
119 0.13022881746292114
136 0.13235987722873688
153 0.1102336049079895
170 0.11077239364385605
0.852
epoch 1
0 0.10751569271087646
17 0.09643577039241791
34 0.10734977573156357
51 0.08584844321012497
68 0.12640683352947235
85 0.10611643642187119
102 0.11301201581954956
119 0.09528320282697678
136 0.10654794424772263
153 0.07900533080101013
170 0.08856859803199768
0.866
epoch 2
0 0.07500750571489334
17 0.08031593263149261
34 0.10183887183666229
51 0.07338304817676544
68 0.08784966170787811
85 0.07799795269966125
102 0.09691639989614487
119 0.08167104423046112
136 0.09323372691869736
153 0.07366584241390228
170 0.08069558441638947
0.8624
epoch 3
0 0.06692478805780411
17 0.07854077965021133
34 0.09333447366952896
51 0.05477646365761757
68 0.07016254216432571
85 0.06918350607156754
102 0.08789099752902985
119 0.06734921783208847
136 0.07962364703416824
153 0.06551493704319
170 0.05742307007312775
0.8684
epoch 4
0 0.05721341818571091
17 0.07869625836610794
34 0.07569257915019989
51 0.04784703254699707
68 0.054356399923563004
85 0.0644298642873764
102 0.08267313987016678
119 0.06202711537480354
136 0.07514889538288116
153 0.06593477725982666
170 0.045894064009189606
0.868
epoch 5
0 0.04625373333692551
17 0.07220137119293213
34 0.05960153788328171
51 0.04276273399591446
68 0.04625282436609268
85 0.05950973927974701
102 0.06924315541982651
119 0.055293381214141846
136 0.06764303147792816
153 0.08038391172885895
170 0.042107414454221725
0.8732
epoch 6
0 0.04156447947025299
17 0.06228461116552353
34 0.05761545151472092
51 0.03696689382195473
68 0.0413607619702816
85 0.04819006845355034
102 0.06001242622733116
119 0.032152771949768066
136 0.06322886049747467
153 0.052466973662376404
170 0.02737940102815628
0.868
epoch 7
0 0.019246939569711685
17 0.054811928421258926
34 0.051208995282649994
51 0.030680323019623756
68 0.038975365459918976
85 0.04020753502845764
102 0.05208686366677284
119 0.04148947075009346
136 0.04471366107463837
153 0.04687366262078285
170 0.02358693815767765
0.8624
epoch 8
0 0.021065885201096535
17 0.05874081328511238
34 0.04837542772293091
51 0.029391534626483917
68 0.028830211609601974
85 0.0404873825609684
102 0.04391947388648987
119 0.02909652143716812
136 0.03222960978746414
153 0.052552055567502975
170 0.016554325819015503
0.8708
epoch 9
0 0.011406348086893559
17 0.036207299679517746
34 0.05425294488668442
51 0.03449875861406326
68 0.01978631690144539
85 0.027853399515151978
102 0.04755491018295288
119 0.02358105406165123
136 0.03596547245979309
153 0.034567803144454956
170 0.018888290971517563
0.878
